{
 "cells": [
  {
   "cell_type": "code",
   "execution_count": 1,
   "metadata": {},
   "outputs": [],
   "source": [
    "import os\n",
    "import pandas as pd"
   ]
  },
  {
   "cell_type": "code",
   "execution_count": 3,
   "metadata": {},
   "outputs": [
    {
     "data": {
      "text/html": [
       "<script type=\"text/javascript\">window.PlotlyConfig = {MathJaxConfig: 'local'};</script><script type=\"text/javascript\">if (window.MathJax) {MathJax.Hub.Config({SVG: {font: \"STIX-Web\"}});}</script><script>requirejs.config({paths: { 'plotly': ['https://cdn.plot.ly/plotly-latest.min']},});if(!window._Plotly) {require(['plotly'],function(plotly) {window._Plotly=plotly;});}</script>"
      ],
      "text/vnd.plotly.v1+html": [
       "<script type=\"text/javascript\">window.PlotlyConfig = {MathJaxConfig: 'local'};</script><script type=\"text/javascript\">if (window.MathJax) {MathJax.Hub.Config({SVG: {font: \"STIX-Web\"}});}</script><script>requirejs.config({paths: { 'plotly': ['https://cdn.plot.ly/plotly-latest.min']},});if(!window._Plotly) {require(['plotly'],function(plotly) {window._Plotly=plotly;});}</script>"
      ]
     },
     "metadata": {},
     "output_type": "display_data"
    },
    {
     "data": {
      "text/html": [
       "<script type=\"text/javascript\">window.PlotlyConfig = {MathJaxConfig: 'local'};</script><script type=\"text/javascript\">if (window.MathJax) {MathJax.Hub.Config({SVG: {font: \"STIX-Web\"}});}</script><script>requirejs.config({paths: { 'plotly': ['https://cdn.plot.ly/plotly-latest.min']},});if(!window._Plotly) {require(['plotly'],function(plotly) {window._Plotly=plotly;});}</script>"
      ],
      "text/vnd.plotly.v1+html": [
       "<script type=\"text/javascript\">window.PlotlyConfig = {MathJaxConfig: 'local'};</script><script type=\"text/javascript\">if (window.MathJax) {MathJax.Hub.Config({SVG: {font: \"STIX-Web\"}});}</script><script>requirejs.config({paths: { 'plotly': ['https://cdn.plot.ly/plotly-latest.min']},});if(!window._Plotly) {require(['plotly'],function(plotly) {window._Plotly=plotly;});}</script>"
      ]
     },
     "metadata": {},
     "output_type": "display_data"
    }
   ],
   "source": [
    "import matplotlib.pyplot as plt\n",
    "import plotly.plotly as py\n",
    "import cufflinks as cf\n",
    "from plotly.offline import download_plotlyjs,init_notebook_mode,plot,iplot\n",
    "import plotly.graph_objs as go\n",
    "from plotly import tools\n",
    "\n",
    "init_notebook_mode(connected=True)\n",
    "cf.go_offline()\n",
    "#tools.set_credentials_file(username='Ashutoshsoni891', api_key='7IjAsg57ABPbNrWfI7Ih')\n"
   ]
  },
  {
   "cell_type": "code",
   "execution_count": 5,
   "metadata": {},
   "outputs": [
    {
     "data": {
      "application/vnd.plotly.v1+json": {
       "config": {
        "linkText": "Export to plot.ly",
        "plotlyServerURL": "https://plot.ly",
        "showLink": true
       },
       "data": [
        {
         "marker": {
          "color": "rgba(255, 153, 51, 0.6)",
          "line": {
           "color": "rgba(255, 153, 51, 1.0)",
           "width": 1
          }
         },
         "name": "Total_Death",
         "orientation": "v",
         "text": "",
         "type": "bar",
         "uid": "909593ef-61df-482c-a9d7-b3d6c4f026ba",
         "x": [
          1999,
          2001,
          2003,
          2004,
          2005,
          2006,
          2007,
          2008,
          2009,
          2010,
          2011,
          2012,
          2013,
          2014,
          2015,
          2016,
          2017,
          2018,
          2019
         ],
         "y": [
          18,
          15,
          46,
          55,
          17,
          21,
          44,
          68,
          81,
          91,
          88,
          77,
          108,
          114,
          118,
          95,
          55,
          17,
          17
         ]
        }
       ],
       "layout": {
        "legend": {
         "bgcolor": "#F5F6F9",
         "font": {
          "color": "#4D5663"
         }
        },
        "paper_bgcolor": "#F5F6F9",
        "plot_bgcolor": "#F5F6F9",
        "title": {
         "font": {
          "color": "#4D5663"
         }
        },
        "xaxis": {
         "gridcolor": "#E1E5ED",
         "showgrid": true,
         "tickfont": {
          "color": "#4D5663"
         },
         "title": {
          "font": {
           "color": "#4D5663"
          },
          "text": ""
         },
         "zerolinecolor": "#E1E5ED"
        },
        "yaxis": {
         "gridcolor": "#E1E5ED",
         "showgrid": true,
         "tickfont": {
          "color": "#4D5663"
         },
         "title": {
          "font": {
           "color": "#4D5663"
          },
          "text": ""
         },
         "zerolinecolor": "#E1E5ED"
        }
       }
      },
      "text/html": [
       "<div id=\"905fb5c8-19cf-47af-a1cb-87b82d674fe6\" style=\"height: 525px; width: 100%;\" class=\"plotly-graph-div\"></div><script type=\"text/javascript\">require([\"plotly\"], function(Plotly) { window.PLOTLYENV=window.PLOTLYENV || {};window.PLOTLYENV.BASE_URL=\"https://plot.ly\";Plotly.newPlot(\"905fb5c8-19cf-47af-a1cb-87b82d674fe6\", [{\"marker\": {\"color\": \"rgba(255, 153, 51, 0.6)\", \"line\": {\"color\": \"rgba(255, 153, 51, 1.0)\", \"width\": 1}}, \"name\": \"Total_Death\", \"orientation\": \"v\", \"text\": \"\", \"x\": [1999, 2001, 2003, 2004, 2005, 2006, 2007, 2008, 2009, 2010, 2011, 2012, 2013, 2014, 2015, 2016, 2017, 2018, 2019], \"y\": [18, 15, 46, 55, 17, 21, 44, 68, 81, 91, 88, 77, 108, 114, 118, 95, 55, 17, 17], \"type\": \"bar\", \"uid\": \"ac9f2d7d-a808-4d0f-ba32-ba09ce67d697\"}], {\"legend\": {\"bgcolor\": \"#F5F6F9\", \"font\": {\"color\": \"#4D5663\"}}, \"paper_bgcolor\": \"#F5F6F9\", \"plot_bgcolor\": \"#F5F6F9\", \"title\": {\"font\": {\"color\": \"#4D5663\"}}, \"xaxis\": {\"gridcolor\": \"#E1E5ED\", \"showgrid\": true, \"tickfont\": {\"color\": \"#4D5663\"}, \"title\": {\"text\": \"\", \"font\": {\"color\": \"#4D5663\"}}, \"zerolinecolor\": \"#E1E5ED\"}, \"yaxis\": {\"gridcolor\": \"#E1E5ED\", \"showgrid\": true, \"tickfont\": {\"color\": \"#4D5663\"}, \"title\": {\"text\": \"\", \"font\": {\"color\": \"#4D5663\"}}, \"zerolinecolor\": \"#E1E5ED\"}}, {\"showLink\": true, \"linkText\": \"Export to plot.ly\", \"plotlyServerURL\": \"https://plot.ly\"})});</script><script type=\"text/javascript\">window.addEventListener(\"resize\", function(){window._Plotly.Plots.resize(document.getElementById(\"905fb5c8-19cf-47af-a1cb-87b82d674fe6\"));});</script>"
      ],
      "text/vnd.plotly.v1+html": [
       "<div id=\"905fb5c8-19cf-47af-a1cb-87b82d674fe6\" style=\"height: 525px; width: 100%;\" class=\"plotly-graph-div\"></div><script type=\"text/javascript\">require([\"plotly\"], function(Plotly) { window.PLOTLYENV=window.PLOTLYENV || {};window.PLOTLYENV.BASE_URL=\"https://plot.ly\";Plotly.newPlot(\"905fb5c8-19cf-47af-a1cb-87b82d674fe6\", [{\"marker\": {\"color\": \"rgba(255, 153, 51, 0.6)\", \"line\": {\"color\": \"rgba(255, 153, 51, 1.0)\", \"width\": 1}}, \"name\": \"Total_Death\", \"orientation\": \"v\", \"text\": \"\", \"x\": [1999, 2001, 2003, 2004, 2005, 2006, 2007, 2008, 2009, 2010, 2011, 2012, 2013, 2014, 2015, 2016, 2017, 2018, 2019], \"y\": [18, 15, 46, 55, 17, 21, 44, 68, 81, 91, 88, 77, 108, 114, 118, 95, 55, 17, 17], \"type\": \"bar\", \"uid\": \"ac9f2d7d-a808-4d0f-ba32-ba09ce67d697\"}], {\"legend\": {\"bgcolor\": \"#F5F6F9\", \"font\": {\"color\": \"#4D5663\"}}, \"paper_bgcolor\": \"#F5F6F9\", \"plot_bgcolor\": \"#F5F6F9\", \"title\": {\"font\": {\"color\": \"#4D5663\"}}, \"xaxis\": {\"gridcolor\": \"#E1E5ED\", \"showgrid\": true, \"tickfont\": {\"color\": \"#4D5663\"}, \"title\": {\"text\": \"\", \"font\": {\"color\": \"#4D5663\"}}, \"zerolinecolor\": \"#E1E5ED\"}, \"yaxis\": {\"gridcolor\": \"#E1E5ED\", \"showgrid\": true, \"tickfont\": {\"color\": \"#4D5663\"}, \"title\": {\"text\": \"\", \"font\": {\"color\": \"#4D5663\"}}, \"zerolinecolor\": \"#E1E5ED\"}}, {\"showLink\": true, \"linkText\": \"Export to plot.ly\", \"plotlyServerURL\": \"https://plot.ly\"})});</script><script type=\"text/javascript\">window.addEventListener(\"resize\", function(){window._Plotly.Plots.resize(document.getElementById(\"905fb5c8-19cf-47af-a1cb-87b82d674fe6\"));});</script>"
      ]
     },
     "metadata": {},
     "output_type": "display_data"
    }
   ],
   "source": [
    "df = pd.read_csv('encoded_copy.csv')\n",
    "gby = df['Total_Death'].groupby(df['Year']).count()\n",
    "\n",
    "gby.iplot(kind='bar')"
   ]
  },
  {
   "cell_type": "code",
   "execution_count": 6,
   "metadata": {},
   "outputs": [
    {
     "data": {
      "application/vnd.plotly.v1+json": {
       "config": {
        "linkText": "Export to plot.ly",
        "plotlyServerURL": "https://plot.ly",
        "showLink": true
       },
       "data": [
        {
         "colorscale": [
          [
           0,
           "rgb(255, 153, 51)"
          ],
          [
           0.1111111111111111,
           "rgb(55, 128, 191)"
          ],
          [
           0.2222222222222222,
           "rgb(50, 171, 96)"
          ],
          [
           0.3333333333333333,
           "rgb(128, 0, 128)"
          ],
          [
           0.4444444444444444,
           "rgb(219, 64, 82)"
          ],
          [
           0.5555555555555556,
           "rgb(0, 128, 128)"
          ],
          [
           0.6666666666666666,
           "rgb(255, 255, 51)"
          ],
          [
           0.7777777777777778,
           "rgb(128, 128, 0)"
          ],
          [
           0.8888888888888888,
           "rgb(251, 128, 114)"
          ],
          [
           1,
           "rgb(128, 177, 211)"
          ]
         ],
         "type": "heatmap",
         "uid": "ac446533-cab0-4ef5-a8af-8b7d34357801",
         "x": [
          "Unnamed: 0",
          "index",
          "State ID",
          "Total_Cases",
          "Total_Death",
          "Year",
          "Disease ID",
          "No. of Doctors"
         ],
         "y": [
          "Unnamed: 0",
          "index",
          "State ID",
          "Total_Cases",
          "Total_Death",
          "Year",
          "Disease ID",
          "No. of Doctors"
         ],
         "z": [
          [
           1,
           0.9991889609584601,
           0.17743138020424745,
           0.005091650144482783,
           -0.025037354934027516,
           0.13495355844934495,
           0.9873547846012485,
           0.034603511043452766
          ],
          [
           0.9991889609584601,
           1,
           0.1739042161711382,
           0.01108615606325077,
           -0.020779440900518403,
           0.12795222448201868,
           0.9875529396163761,
           0.03476735626974822
          ],
          [
           0.17743138020424745,
           0.1739042161711382,
           1,
           0.060233000815700405,
           0.11123662688841854,
           -0.049192469409476726,
           0.030064373948474464,
           0.0004000048279762976
          ],
          [
           0.005091650144482783,
           0.01108615606325077,
           0.060233000815700405,
           1,
           0.38490906565568406,
           -0.06208980641108546,
           -0.004823768854656571,
           -0.042171849622445634
          ],
          [
           -0.025037354934027516,
           -0.020779440900518403,
           0.11123662688841854,
           0.38490906565568406,
           1,
           -0.12664868351333947,
           -0.042966042579301804,
           -0.04166710001106085
          ],
          [
           0.13495355844934495,
           0.12795222448201868,
           -0.049192469409476726,
           -0.06208980641108546,
           -0.12664868351333947,
           1,
           0.1481815483980983,
           -0.01249185262697445
          ],
          [
           0.9873547846012485,
           0.9875529396163761,
           0.030064373948474464,
           -0.004823768854656571,
           -0.042966042579301804,
           0.1481815483980983,
           1,
           0.03489713169912742
          ],
          [
           0.034603511043452766,
           0.03476735626974822,
           0.0004000048279762976,
           -0.042171849622445634,
           -0.04166710001106085,
           -0.01249185262697445,
           0.03489713169912742,
           1
          ]
         ],
         "zmax": 1,
         "zmin": -0.12664868351333947
        }
       ],
       "layout": {
        "legend": {
         "bgcolor": "#F5F6F9",
         "font": {
          "color": "#4D5663"
         }
        },
        "paper_bgcolor": "#F5F6F9",
        "plot_bgcolor": "#F5F6F9",
        "title": {
         "font": {
          "color": "#4D5663"
         }
        },
        "xaxis": {
         "gridcolor": "#E1E5ED",
         "showgrid": true,
         "tickfont": {
          "color": "#4D5663"
         },
         "title": {
          "font": {
           "color": "#4D5663"
          },
          "text": ""
         },
         "zerolinecolor": "#E1E5ED"
        },
        "yaxis": {
         "gridcolor": "#E1E5ED",
         "showgrid": true,
         "tickfont": {
          "color": "#4D5663"
         },
         "title": {
          "font": {
           "color": "#4D5663"
          },
          "text": ""
         },
         "zerolinecolor": "#E1E5ED"
        }
       }
      },
      "text/html": [
       "<div id=\"3533d7dd-23c1-4e5b-a3e5-eafa69e657ae\" style=\"height: 525px; width: 100%;\" class=\"plotly-graph-div\"></div><script type=\"text/javascript\">require([\"plotly\"], function(Plotly) { window.PLOTLYENV=window.PLOTLYENV || {};window.PLOTLYENV.BASE_URL=\"https://plot.ly\";Plotly.newPlot(\"3533d7dd-23c1-4e5b-a3e5-eafa69e657ae\", [{\"colorscale\": [[0.0, \"rgb(255, 153, 51)\"], [0.1111111111111111, \"rgb(55, 128, 191)\"], [0.2222222222222222, \"rgb(50, 171, 96)\"], [0.3333333333333333, \"rgb(128, 0, 128)\"], [0.4444444444444444, \"rgb(219, 64, 82)\"], [0.5555555555555556, \"rgb(0, 128, 128)\"], [0.6666666666666666, \"rgb(255, 255, 51)\"], [0.7777777777777778, \"rgb(128, 128, 0)\"], [0.8888888888888888, \"rgb(251, 128, 114)\"], [1.0, \"rgb(128, 177, 211)\"]], \"x\": [\"Unnamed: 0\", \"index\", \"State ID\", \"Total_Cases\", \"Total_Death\", \"Year\", \"Disease ID\", \"No. of Doctors\"], \"y\": [\"Unnamed: 0\", \"index\", \"State ID\", \"Total_Cases\", \"Total_Death\", \"Year\", \"Disease ID\", \"No. of Doctors\"], \"z\": [[1.0, 0.9991889609584601, 0.17743138020424745, 0.005091650144482783, -0.025037354934027516, 0.13495355844934495, 0.9873547846012485, 0.034603511043452766], [0.9991889609584601, 1.0, 0.1739042161711382, 0.01108615606325077, -0.020779440900518403, 0.12795222448201868, 0.9875529396163761, 0.03476735626974822], [0.17743138020424745, 0.1739042161711382, 1.0, 0.060233000815700405, 0.11123662688841854, -0.049192469409476726, 0.030064373948474464, 0.0004000048279762976], [0.005091650144482783, 0.01108615606325077, 0.060233000815700405, 1.0, 0.38490906565568406, -0.06208980641108546, -0.004823768854656571, -0.042171849622445634], [-0.025037354934027516, -0.020779440900518403, 0.11123662688841854, 0.38490906565568406, 1.0, -0.12664868351333947, -0.042966042579301804, -0.04166710001106085], [0.13495355844934495, 0.12795222448201868, -0.049192469409476726, -0.06208980641108546, -0.12664868351333947, 1.0, 0.1481815483980983, -0.01249185262697445], [0.9873547846012485, 0.9875529396163761, 0.030064373948474464, -0.004823768854656571, -0.042966042579301804, 0.1481815483980983, 1.0, 0.03489713169912742], [0.034603511043452766, 0.03476735626974822, 0.0004000048279762976, -0.042171849622445634, -0.04166710001106085, -0.01249185262697445, 0.03489713169912742, 1.0]], \"zmax\": 1.0, \"zmin\": -0.12664868351333947, \"type\": \"heatmap\", \"uid\": \"1f526a21-c28b-46cc-8b7b-c530a5e48d7a\"}], {\"legend\": {\"bgcolor\": \"#F5F6F9\", \"font\": {\"color\": \"#4D5663\"}}, \"paper_bgcolor\": \"#F5F6F9\", \"plot_bgcolor\": \"#F5F6F9\", \"title\": {\"font\": {\"color\": \"#4D5663\"}}, \"xaxis\": {\"gridcolor\": \"#E1E5ED\", \"showgrid\": true, \"tickfont\": {\"color\": \"#4D5663\"}, \"title\": {\"text\": \"\", \"font\": {\"color\": \"#4D5663\"}}, \"zerolinecolor\": \"#E1E5ED\"}, \"yaxis\": {\"gridcolor\": \"#E1E5ED\", \"showgrid\": true, \"tickfont\": {\"color\": \"#4D5663\"}, \"title\": {\"text\": \"\", \"font\": {\"color\": \"#4D5663\"}}, \"zerolinecolor\": \"#E1E5ED\"}}, {\"showLink\": true, \"linkText\": \"Export to plot.ly\", \"plotlyServerURL\": \"https://plot.ly\"})});</script><script type=\"text/javascript\">window.addEventListener(\"resize\", function(){window._Plotly.Plots.resize(document.getElementById(\"3533d7dd-23c1-4e5b-a3e5-eafa69e657ae\"));});</script>"
      ],
      "text/vnd.plotly.v1+html": [
       "<div id=\"3533d7dd-23c1-4e5b-a3e5-eafa69e657ae\" style=\"height: 525px; width: 100%;\" class=\"plotly-graph-div\"></div><script type=\"text/javascript\">require([\"plotly\"], function(Plotly) { window.PLOTLYENV=window.PLOTLYENV || {};window.PLOTLYENV.BASE_URL=\"https://plot.ly\";Plotly.newPlot(\"3533d7dd-23c1-4e5b-a3e5-eafa69e657ae\", [{\"colorscale\": [[0.0, \"rgb(255, 153, 51)\"], [0.1111111111111111, \"rgb(55, 128, 191)\"], [0.2222222222222222, \"rgb(50, 171, 96)\"], [0.3333333333333333, \"rgb(128, 0, 128)\"], [0.4444444444444444, \"rgb(219, 64, 82)\"], [0.5555555555555556, \"rgb(0, 128, 128)\"], [0.6666666666666666, \"rgb(255, 255, 51)\"], [0.7777777777777778, \"rgb(128, 128, 0)\"], [0.8888888888888888, \"rgb(251, 128, 114)\"], [1.0, \"rgb(128, 177, 211)\"]], \"x\": [\"Unnamed: 0\", \"index\", \"State ID\", \"Total_Cases\", \"Total_Death\", \"Year\", \"Disease ID\", \"No. of Doctors\"], \"y\": [\"Unnamed: 0\", \"index\", \"State ID\", \"Total_Cases\", \"Total_Death\", \"Year\", \"Disease ID\", \"No. of Doctors\"], \"z\": [[1.0, 0.9991889609584601, 0.17743138020424745, 0.005091650144482783, -0.025037354934027516, 0.13495355844934495, 0.9873547846012485, 0.034603511043452766], [0.9991889609584601, 1.0, 0.1739042161711382, 0.01108615606325077, -0.020779440900518403, 0.12795222448201868, 0.9875529396163761, 0.03476735626974822], [0.17743138020424745, 0.1739042161711382, 1.0, 0.060233000815700405, 0.11123662688841854, -0.049192469409476726, 0.030064373948474464, 0.0004000048279762976], [0.005091650144482783, 0.01108615606325077, 0.060233000815700405, 1.0, 0.38490906565568406, -0.06208980641108546, -0.004823768854656571, -0.042171849622445634], [-0.025037354934027516, -0.020779440900518403, 0.11123662688841854, 0.38490906565568406, 1.0, -0.12664868351333947, -0.042966042579301804, -0.04166710001106085], [0.13495355844934495, 0.12795222448201868, -0.049192469409476726, -0.06208980641108546, -0.12664868351333947, 1.0, 0.1481815483980983, -0.01249185262697445], [0.9873547846012485, 0.9875529396163761, 0.030064373948474464, -0.004823768854656571, -0.042966042579301804, 0.1481815483980983, 1.0, 0.03489713169912742], [0.034603511043452766, 0.03476735626974822, 0.0004000048279762976, -0.042171849622445634, -0.04166710001106085, -0.01249185262697445, 0.03489713169912742, 1.0]], \"zmax\": 1.0, \"zmin\": -0.12664868351333947, \"type\": \"heatmap\", \"uid\": \"1f526a21-c28b-46cc-8b7b-c530a5e48d7a\"}], {\"legend\": {\"bgcolor\": \"#F5F6F9\", \"font\": {\"color\": \"#4D5663\"}}, \"paper_bgcolor\": \"#F5F6F9\", \"plot_bgcolor\": \"#F5F6F9\", \"title\": {\"font\": {\"color\": \"#4D5663\"}}, \"xaxis\": {\"gridcolor\": \"#E1E5ED\", \"showgrid\": true, \"tickfont\": {\"color\": \"#4D5663\"}, \"title\": {\"text\": \"\", \"font\": {\"color\": \"#4D5663\"}}, \"zerolinecolor\": \"#E1E5ED\"}, \"yaxis\": {\"gridcolor\": \"#E1E5ED\", \"showgrid\": true, \"tickfont\": {\"color\": \"#4D5663\"}, \"title\": {\"text\": \"\", \"font\": {\"color\": \"#4D5663\"}}, \"zerolinecolor\": \"#E1E5ED\"}}, {\"showLink\": true, \"linkText\": \"Export to plot.ly\", \"plotlyServerURL\": \"https://plot.ly\"})});</script><script type=\"text/javascript\">window.addEventListener(\"resize\", function(){window._Plotly.Plots.resize(document.getElementById(\"3533d7dd-23c1-4e5b-a3e5-eafa69e657ae\"));});</script>"
      ]
     },
     "metadata": {},
     "output_type": "display_data"
    }
   ],
   "source": [
    "df.corr().iplot(kind='heatmap')"
   ]
  },
  {
   "cell_type": "code",
   "execution_count": 7,
   "metadata": {},
   "outputs": [
    {
     "data": {
      "application/vnd.plotly.v1+json": {
       "config": {
        "linkText": "Export to plot.ly",
        "plotlyServerURL": "https://plot.ly",
        "showLink": true
       },
       "data": [
        {
         "line": {
          "color": "rgba(255, 153, 51, 1.0)",
          "dash": "solid",
          "shape": "linear",
          "width": 1.3
         },
         "mode": "lines",
         "name": "Unnamed: 0",
         "text": "",
         "type": "scatter",
         "uid": "ae5f58cd-4422-41cc-946e-b8526382158f",
         "x": [
          0,
          1,
          2,
          3,
          201,
          202,
          259,
          260,
          261,
          262,
          263,
          264,
          505,
          572,
          573,
          574,
          575,
          576,
          715,
          716,
          846,
          847,
          848,
          849,
          850,
          851,
          852,
          853,
          854,
          1029
         ],
         "xaxis": "x",
         "y": [
          0,
          1,
          2,
          3,
          201,
          202,
          259,
          260,
          261,
          262,
          263,
          264,
          505,
          572,
          573,
          574,
          575,
          576,
          715,
          716,
          846,
          847,
          848,
          849,
          850,
          851,
          852,
          853,
          854,
          1029
         ],
         "yaxis": "y"
        },
        {
         "line": {
          "color": "rgba(55, 128, 191, 1.0)",
          "dash": "solid",
          "shape": "linear",
          "width": 1.3
         },
         "mode": "lines",
         "name": "index",
         "text": "",
         "type": "scatter",
         "uid": "76bc8896-8ac4-4db9-992b-b80e05a46f95",
         "x": [
          0,
          1,
          2,
          3,
          201,
          202,
          259,
          260,
          261,
          262,
          263,
          264,
          505,
          572,
          573,
          574,
          575,
          576,
          715,
          716,
          846,
          847,
          848,
          849,
          850,
          851,
          852,
          853,
          854,
          1029
         ],
         "xaxis": "x2",
         "y": [
          0,
          4,
          12,
          13,
          393,
          394,
          508,
          509,
          510,
          514,
          518,
          521,
          910,
          1051,
          1052,
          1053,
          1054,
          1055,
          1347,
          1349,
          1586,
          1588,
          1589,
          1590,
          1591,
          1592,
          1595,
          1596,
          1597,
          1982
         ],
         "yaxis": "y2"
        },
        {
         "line": {
          "color": "rgba(50, 171, 96, 1.0)",
          "dash": "solid",
          "shape": "linear",
          "width": 1.3
         },
         "mode": "lines",
         "name": "State ID",
         "text": "",
         "type": "scatter",
         "uid": "f6633314-d801-4e60-9b24-50adc68f85b8",
         "x": [
          0,
          1,
          2,
          3,
          201,
          202,
          259,
          260,
          261,
          262,
          263,
          264,
          505,
          572,
          573,
          574,
          575,
          576,
          715,
          716,
          846,
          847,
          848,
          849,
          850,
          851,
          852,
          853,
          854,
          1029
         ],
         "xaxis": "x3",
         "y": [
          111,
          111,
          111,
          111,
          111,
          111,
          111,
          111,
          111,
          111,
          111,
          111,
          111,
          111,
          111,
          111,
          111,
          111,
          111,
          111,
          111,
          111,
          111,
          111,
          111,
          111,
          111,
          111,
          111,
          111
         ],
         "yaxis": "y3"
        },
        {
         "line": {
          "color": "rgba(128, 0, 128, 1.0)",
          "dash": "solid",
          "shape": "linear",
          "width": 1.3
         },
         "mode": "lines",
         "name": "Total_Cases",
         "text": "",
         "type": "scatter",
         "uid": "3dceaa68-c5eb-4865-a235-58fd91ca975d",
         "x": [
          0,
          1,
          2,
          3,
          201,
          202,
          259,
          260,
          261,
          262,
          263,
          264,
          505,
          572,
          573,
          574,
          575,
          576,
          715,
          716,
          846,
          847,
          848,
          849,
          850,
          851,
          852,
          853,
          854,
          1029
         ],
         "xaxis": "x4",
         "y": [
          48602,
          0,
          25978,
          57088,
          202,
          400,
          32,
          0,
          45,
          0,
          0,
          205,
          8,
          0,
          0,
          0,
          0,
          0,
          33393,
          24699,
          57088,
          19537,
          15840,
          48602,
          35804,
          46643,
          0,
          43021,
          0,
          9457
         ],
         "yaxis": "y4"
        },
        {
         "line": {
          "color": "rgba(219, 64, 82, 1.0)",
          "dash": "solid",
          "shape": "linear",
          "width": 1.3
         },
         "mode": "lines",
         "name": "Total_Death",
         "text": "",
         "type": "scatter",
         "uid": "952154e5-55c6-4a98-9bcf-a2bdbcfe908e",
         "x": [
          0,
          1,
          2,
          3,
          201,
          202,
          259,
          260,
          261,
          262,
          263,
          264,
          505,
          572,
          573,
          574,
          575,
          576,
          715,
          716,
          846,
          847,
          848,
          849,
          850,
          851,
          852,
          853,
          854,
          1029
         ],
         "xaxis": "x5",
         "y": [
          9,
          0,
          9,
          7,
          0,
          0,
          0,
          0,
          0,
          0,
          0,
          0,
          0,
          0,
          0,
          0,
          0,
          0,
          20,
          2,
          7,
          3,
          7,
          9,
          4,
          4,
          0,
          1,
          0,
          53
         ],
         "yaxis": "y5"
        },
        {
         "line": {
          "color": "rgba(0, 128, 128, 1.0)",
          "dash": "solid",
          "shape": "linear",
          "width": 1.3
         },
         "mode": "lines",
         "name": "Year",
         "text": "",
         "type": "scatter",
         "uid": "7ade2bb2-9d32-4c3c-978e-f4160dd9b923",
         "x": [
          0,
          1,
          2,
          3,
          201,
          202,
          259,
          260,
          261,
          262,
          263,
          264,
          505,
          572,
          573,
          574,
          575,
          576,
          715,
          716,
          846,
          847,
          848,
          849,
          850,
          851,
          852,
          853,
          854,
          1029
         ],
         "xaxis": "x6",
         "y": [
          2011,
          2004,
          2003,
          2012,
          2016,
          2017,
          2011,
          2016,
          2013,
          2009,
          2014,
          2003,
          2013,
          2016,
          2018,
          2015,
          2011,
          2010,
          2010,
          2012,
          2012,
          2016,
          2015,
          2011,
          2010,
          2013,
          2007,
          2008,
          2004,
          2009
         ],
         "yaxis": "y6"
        },
        {
         "line": {
          "color": "rgba(255, 255, 51, 1.0)",
          "dash": "solid",
          "shape": "linear",
          "width": 1.3
         },
         "mode": "lines",
         "name": "Disease ID",
         "text": "",
         "type": "scatter",
         "uid": "474452af-f474-42ca-9d70-801f6d5b1e3d",
         "x": [
          0,
          1,
          2,
          3,
          201,
          202,
          259,
          260,
          261,
          262,
          263,
          264,
          505,
          572,
          573,
          574,
          575,
          576,
          715,
          716,
          846,
          847,
          848,
          849,
          850,
          851,
          852,
          853,
          854,
          1029
         ],
         "xaxis": "x7",
         "y": [
          1,
          1,
          1,
          1,
          2,
          2,
          3,
          3,
          3,
          3,
          3,
          3,
          4,
          5,
          5,
          5,
          5,
          5,
          6,
          6,
          7,
          7,
          7,
          7,
          7,
          7,
          7,
          7,
          7,
          8
         ],
         "yaxis": "y7"
        },
        {
         "line": {
          "color": "rgba(128, 128, 0, 1.0)",
          "dash": "solid",
          "shape": "linear",
          "width": 1.3
         },
         "mode": "lines",
         "name": "No. of Doctors",
         "text": "",
         "type": "scatter",
         "uid": "cd5fb15f-02b9-455b-a91c-ab94c39a84b7",
         "x": [
          0,
          1,
          2,
          3,
          201,
          202,
          259,
          260,
          261,
          262,
          263,
          264,
          505,
          572,
          573,
          574,
          575,
          576,
          715,
          716,
          846,
          847,
          848,
          849,
          850,
          851,
          852,
          853,
          854,
          1029
         ],
         "xaxis": "x8",
         "y": [
          4370,
          3058.8006300630104,
          3727,
          3060.17722800633,
          3247.43485354203,
          3248.89634537531,
          9218,
          3315.34875104307,
          3316.8408071866497,
          5415,
          3318.33353482265,
          3319.82693425326,
          3616.1212323404493,
          3882,
          3705.0580694841296,
          3706.72551235969,
          3708.39370565958,
          3710.0626497215294,
          3866.863021353161,
          4370,
          4026.6651547207507,
          4938,
          4028.47733525843,
          4030.29033135891,
          4032.104143389221,
          4033.91877171658,
          4035.7342167083502,
          5064,
          4037.55047873207,
          2748
         ],
         "yaxis": "y8"
        }
       ],
       "layout": {
        "legend": {
         "bgcolor": "#F5F6F9",
         "font": {
          "color": "#4D5663"
         }
        },
        "paper_bgcolor": "#F5F6F9",
        "plot_bgcolor": "#F5F6F9",
        "title": {
         "font": {
          "color": "#4D5663"
         }
        },
        "xaxis": {
         "anchor": "y",
         "domain": [
          0,
          0.45
         ],
         "gridcolor": "#E1E5ED",
         "showgrid": true,
         "tickfont": {
          "color": "#4D5663"
         },
         "title": {
          "font": {
           "color": "#4D5663"
          },
          "text": ""
         },
         "zerolinecolor": "#E1E5ED"
        },
        "xaxis2": {
         "anchor": "y2",
         "domain": [
          0.55,
          1
         ],
         "gridcolor": "#E1E5ED",
         "showgrid": true,
         "tickfont": {
          "color": "#4D5663"
         },
         "title": {
          "font": {
           "color": "#4D5663"
          },
          "text": ""
         },
         "zerolinecolor": "#E1E5ED"
        },
        "xaxis3": {
         "anchor": "y3",
         "domain": [
          0,
          0.45
         ],
         "gridcolor": "#E1E5ED",
         "showgrid": true,
         "tickfont": {
          "color": "#4D5663"
         },
         "title": {
          "font": {
           "color": "#4D5663"
          },
          "text": ""
         },
         "zerolinecolor": "#E1E5ED"
        },
        "xaxis4": {
         "anchor": "y4",
         "domain": [
          0.55,
          1
         ],
         "gridcolor": "#E1E5ED",
         "showgrid": true,
         "tickfont": {
          "color": "#4D5663"
         },
         "title": {
          "font": {
           "color": "#4D5663"
          },
          "text": ""
         },
         "zerolinecolor": "#E1E5ED"
        },
        "xaxis5": {
         "anchor": "y5",
         "domain": [
          0,
          0.45
         ],
         "gridcolor": "#E1E5ED",
         "showgrid": true,
         "tickfont": {
          "color": "#4D5663"
         },
         "title": {
          "font": {
           "color": "#4D5663"
          },
          "text": ""
         },
         "zerolinecolor": "#E1E5ED"
        },
        "xaxis6": {
         "anchor": "y6",
         "domain": [
          0.55,
          1
         ],
         "gridcolor": "#E1E5ED",
         "showgrid": true,
         "tickfont": {
          "color": "#4D5663"
         },
         "title": {
          "font": {
           "color": "#4D5663"
          },
          "text": ""
         },
         "zerolinecolor": "#E1E5ED"
        },
        "xaxis7": {
         "anchor": "y7",
         "domain": [
          0,
          0.45
         ],
         "gridcolor": "#E1E5ED",
         "showgrid": true,
         "tickfont": {
          "color": "#4D5663"
         },
         "title": {
          "font": {
           "color": "#4D5663"
          },
          "text": ""
         },
         "zerolinecolor": "#E1E5ED"
        },
        "xaxis8": {
         "anchor": "y8",
         "domain": [
          0.55,
          1
         ],
         "gridcolor": "#E1E5ED",
         "showgrid": true,
         "tickfont": {
          "color": "#4D5663"
         },
         "title": {
          "font": {
           "color": "#4D5663"
          },
          "text": ""
         },
         "zerolinecolor": "#E1E5ED"
        },
        "yaxis": {
         "anchor": "x",
         "domain": [
          0.80625,
          1
         ],
         "gridcolor": "#E1E5ED",
         "showgrid": true,
         "tickfont": {
          "color": "#4D5663"
         },
         "title": {
          "font": {
           "color": "#4D5663"
          },
          "text": ""
         },
         "zerolinecolor": "#E1E5ED"
        },
        "yaxis2": {
         "anchor": "x2",
         "domain": [
          0.80625,
          1
         ],
         "gridcolor": "#E1E5ED",
         "showgrid": true,
         "tickfont": {
          "color": "#4D5663"
         },
         "title": {
          "font": {
           "color": "#4D5663"
          },
          "text": ""
         },
         "zerolinecolor": "#E1E5ED"
        },
        "yaxis3": {
         "anchor": "x3",
         "domain": [
          0.5375,
          0.73125
         ],
         "gridcolor": "#E1E5ED",
         "showgrid": true,
         "tickfont": {
          "color": "#4D5663"
         },
         "title": {
          "font": {
           "color": "#4D5663"
          },
          "text": ""
         },
         "zerolinecolor": "#E1E5ED"
        },
        "yaxis4": {
         "anchor": "x4",
         "domain": [
          0.5375,
          0.73125
         ],
         "gridcolor": "#E1E5ED",
         "showgrid": true,
         "tickfont": {
          "color": "#4D5663"
         },
         "title": {
          "font": {
           "color": "#4D5663"
          },
          "text": ""
         },
         "zerolinecolor": "#E1E5ED"
        },
        "yaxis5": {
         "anchor": "x5",
         "domain": [
          0.26875,
          0.4625
         ],
         "gridcolor": "#E1E5ED",
         "showgrid": true,
         "tickfont": {
          "color": "#4D5663"
         },
         "title": {
          "font": {
           "color": "#4D5663"
          },
          "text": ""
         },
         "zerolinecolor": "#E1E5ED"
        },
        "yaxis6": {
         "anchor": "x6",
         "domain": [
          0.26875,
          0.4625
         ],
         "gridcolor": "#E1E5ED",
         "showgrid": true,
         "tickfont": {
          "color": "#4D5663"
         },
         "title": {
          "font": {
           "color": "#4D5663"
          },
          "text": ""
         },
         "zerolinecolor": "#E1E5ED"
        },
        "yaxis7": {
         "anchor": "x7",
         "domain": [
          0,
          0.19375
         ],
         "gridcolor": "#E1E5ED",
         "showgrid": true,
         "tickfont": {
          "color": "#4D5663"
         },
         "title": {
          "font": {
           "color": "#4D5663"
          },
          "text": ""
         },
         "zerolinecolor": "#E1E5ED"
        },
        "yaxis8": {
         "anchor": "x8",
         "domain": [
          0,
          0.19375
         ],
         "gridcolor": "#E1E5ED",
         "showgrid": true,
         "tickfont": {
          "color": "#4D5663"
         },
         "title": {
          "font": {
           "color": "#4D5663"
          },
          "text": ""
         },
         "zerolinecolor": "#E1E5ED"
        }
       }
      },
      "text/html": [
